1342
46
11
84
844
2542
76
1661
5200
345
1232
98
2591
2701
74
219
10766
1952
4300
174
2600
30254
3207
16328
41
1400
158
16
23
27827
6130
1260
120
43
1080
1322
135
2814
1184
1497
161
2500
768
829
2554
2852
3600
244
33
4363
205
147
408
863
20203
1404
16643
160
30360
28054
19942
100
35
8800
1251
779
3296
521
4517
42
10
55
786
209
730
2680
34901
19337
3825
45
5740
2148
1934
1399
1112
7370
203
815
36
236
25305
61
2147
15399
1998
2274
996
10007
215
1524
12
141
4093
20
105
932
14591
308
1155
28520
121
852
514
1727
766
851
33283
1228
7142
140
25717
375
885
103
21700
1754
14264
145
108
583
2097
600
2130
2264
972
541
902
62
3090
31284
2000
4367
1023
2413
30601
22657
1250
21279
1257
5131
38427
28885
3176
2527
526
14838
2781
289
22120
4280
15250
113
4276
32032
4217
86
7849
55965
4705
45631
834
5000
1200
8789
2891
35123
10625
8492
82
10623
1837
18269
12122
164
19322
3300
23700
132
11030
2638
24518
284
18857
15272
7178
1597
45502
5225
102
155
4081
10897
8799
13415
805
1001
110
13437
1974
22381
550
2383
245
22367
3800
2587
9622
6124
512
71
2641
55897
14005
228
37134
55973
2610
28522
55964
56006
696
2232
6519
5827
19033
148
1695
55865
3177
25141
3186
45109
159
12116
5739
974
56041
55949
816
1321
580
38769
242
56028
10800
55870
25929
18251
421
910
41617
31547
2397
8525
3289
8117
2149
6852
921
51
55907
55975
16966
139
6087
59
56038
22465
10609
4240
1254
1079
23218
833
3691
731
29728
31
274
131
8164
14522
42671
6737
55878
28233
883
1946
2229
3420
500
558
56020
2009
9662
10947
26
204
55876
175
940
1656
14328
26654
34811
39293
29433
10676
45410
56034
11231
2265
47
503
55910
1756
56049
5230
36542
55933
3913
14975
7700
9105
17192
55939
55880
6081
146
12242
24880
2199
8775
11224
5720
376
2992
685
78
55898
24869
5402
17135
12030
20228
11339
599
128
55970
1252
383
24950
55948
73
55918
2707
10554
8121
48320
2226
3155
45304
2833
2428
4039
56036
15
29558
77
55979
55959
201
55868
56019
811
29765
11136
7256
35461
5921
7986
30201
30241
7452
55891
46333
389
41445
1658
55983
55989
8438
1091
790
963
25344
876
2040
8578
55921
20239
7205
143
1549
8147
1600
31516
1041
2446
17957
15489
15474
28521
15210
8710
55974
55856
55971
35997
55950
2892
32
2811
55926
56017
5116
854
20781
56016
1268
5682
2166
23042
151
130
5658
40580
12096
6688
55867
6762
2488
55899
38485
55894
9830
25833
5001
12753
4018
70
28644
21765
55862
4507
967
2048
12108
55877
55968
28289
760
1240
6400
15859
969
22994
15043
55923
2850
