2151
7889
8954
31469
25063
56027
3201
2242
1977
50133
4320
60
2267
56029
3567
41907
20480
14988
1567
17161
13529
6593
56042
233
7213
55976
1097
26740
3178
7128
2150
601
946
55941
55942
10136
55893
2499
55931
38145
2243
17396
12758
55864
20583
544
621
56048
55988
2895
56002
657
10615
6626
153
55872
8581
9182
119
14244
38326
208
9800
55946
157
3743
52319
20776
21839
55861
17824
8795
14977
5657
2848
19994
5428
55849
2529
55961
11438
785
1929
56023
13707
10636
700
56001
55896
30368
2981
55886
10681
36238
35451
39509
1237
1
1292
271
29376
22577
27283
56043
6133
1094
26184
3623
3268
55859
49513
1874
34206
1430
5427
15114
28278
5307
55892
830
38280
55920
19721
55993
55982
2350
1170
48225
10135
17405
24022
27805
29827
56013
55977
1719
3435
55952
15143
18947
5669
675
24571
16769
33525
40745
40311
16452
28696
2944
55997
21
3755
35898
19163
6157
14314
55957
55966
45001
20417
25609
1120
447
41481
1717
901
25807
56009
1093
1397
55960
2759
2434
55888
1074
55951
30107
36276
37423
351
12383
17157
42474
3011
20321
18993
55871
8486
12186
55940
10814
3070
10662
55930
11000
36098
220
4361
9070
36805
18442
20484
45315
42704
8642
2038
3160
56021
470
56053
1081
1653
1063
56046
222
55990
56037
782
55935
3250
34099
55998
2376
3796
19725
28890
18247
55945
3330
28554
19860
14033
1280
32154
4352
216
7471
27
2002
2027
35688
165
3076
1164
55874
18450
55958
981
1672
1022
55928
18362
55927
14640
4099
55858
41568
18
122
14358
769
35690
27200
26659
8106
2946
55996
1026
3188
5316
30155
3618
537
30240
2021
1128
36034
1643
34463
6435
55962
41537
30120
8299
38219
17989
2526
398
38594
55956
24
55932
1564
10002
2449
501
55885
674
4397
15263
4928
51356
20916
1212
1150
7097
325
9296
17489
15491
56039
10150
28497
16269
10031
4763
4357
6763
40686
223
33504
217
106
40196
348
1056
202
6867
12956
6343
42796
11027
55947
16317
1121
40074
55980
29021
24737
35977
55914
107
55869
10148
9551
507
1450
5322
39863
33447
10940
1289
42108
64
1107
370
27424
689
38065
5670
28553
55887
3328
21076
5343
52200
30255
15776
6695
45814
7439
624
1064
23962
56061
968
9556
36287
42988
19778
35830
221
25447
2788
445
12513
6923
16653
55863
10657
14568
83
6791
56011
56050
55881
55901
45478
45512
56040
821
33870
16780
32522
479
24156
56062
16816
17731
22943
19068
40623
23770
31100
97
29635
14209
11417
36020
144
28
30
55813
3875
13610
2775
42290
16436
23684
55987
30017
56012
22456
831
20028
1301
13144
56018
3189
54
520
41873
14155
42075
17306
3361
4200
30123
368
6782
564
1911
22282
55925
944
2650
29854
17611
68
15353
1017
3526
47960
46976
2253
7469
19719
610
55847
5061
1965
227
41360
467
24811
1253
7074
1012
55846
5231
34081
525
56064
23313
21000
15000
16527
28698
30754
12228
1526
8499
1514
2145
14969
6053
25012
56059
2042
6456
21593
19116
2667
8419
4212
95
55860
935
16726
13650
56035
1872
55919
56003
22089
3820
19445
6099
22065
